Stocks Formula Results for [1] viscosity data
-2107147919.143599
-873991064.246266
-124901627.774360
330137795.317129
606554557.436562
774465781.175146
876464584.870006
938424445.107698
976062379.491314
998925796.213541
1012814332.680138
1021251017.692158
1026375938.821410
1029489106.676276
1031380221.456025
1032528991.865109
1033226820.186753
1033650720.700413
1033908221.922286
1034064642.773711

Stocks Formula Results for [2] viscosity data
-20832.663162
-3199.775462
7511.440924
14018.041455
17970.519768
20371.479338
21829.958398
22715.921326
23254.105473
23581.029058
23779.620991
23900.256998
23973.538153
24018.053284
24045.094301
24061.520548
24071.498783
24077.560129
24081.242134
24083.478793

Stocks Formula Results for [3] viscosity data
42030696.060874
9434584.782381
-10366142.539379
-22394227.703311
-29700769.041911
-34139176.785544
-36835317.460842
-38473106.271800
-39467992.115064
-40072342.220831
-40439458.762707
-40662466.178496
-40797933.535109
-40880224.093219
-40930212.046946
-40960577.566092
-40979023.305201
-40990228.293650
-40997034.839345
-41001169.521368

Stocks Formula Results for [4] viscosity data
18231368.030549
38447417.623419
50727793.098015
58187589.884932
62719093.682778
65471786.183183
67143927.781163
68159681.456260
68776707.867013
69151524.715724
69379209.734759
69517518.532967
69601535.143909
69652571.600054
69683574.039056
69702406.679420
69713846.693641
69720796.007326
69725017.414725
69727581.737080

